207 19553
1245 8213 470 2496 5502 3627 5834 1268 0 0 8303 602 8311 6665 4023 2752 88 2454 8355 8519 376 5396 0 4824 3453 7577 1850 8371 944 2950 0 3247 7024 3843 0 1137 8369 9826 4239 4529 5701 9969 0 1533 8225 4328 3261 5279 1473 5729 9717 711 580 7812 1826 7500 4707 2378 0 6067 8480 3345 1434 0 3311 7605 2135 8811 5320 2792 9924 1159 843 0 4344 1004 3331 4439 8814 1272 7595 4225 0 272 5808 2925 2290 3357 6618 5180 1962 8862 5128 9993 8458 1068 4503 417 8123 1001 9193 6963 1484 1128 3380 1845 6551 7425 5197 1890 2203 6653 9435 1554 9574 3563 2384 7997 0 7429 1967 4253 2128 9198 2541 2550 9551 9303 7241 0 8562 4678 7598 7536 6967 510 2504 8330 9383 2863 868 2155 0 3823 0 7790 0 5943 5228 2905 1617 9862 8769 9816 6390 1034 3537 745 8069 9626 9899 505 0 3099 505 8314 5942 7383 884 3135 93 2250 6226 9457 8495 3709 8609 0 9868 9874 8037 2379 8763 5569 7287 2761 1279 7374 464 9622 323 2241 8127 4834 4025 5437 7245 8542 9280 915 802 2732 9830 9515 8242 8744 2089 
8213 0 8122 6887 0 1524 8093 5478 4228 3712 0 1845 3578 6987 391 7861 7346 5802 5783 922 7725 1115 0 95 8909 3655 0 0 9728 4859 1560 5394 561 3746 3609 1885 1461 4664 4082 5207 9861 1834 0 2943 1192 1552 4780 3594 0 7408 5907 2731 1899 6197 6100 8020 7464 7924 5220 3451 6253 9617 1764 6068 1613 8265 816 7811 401 8920 5566 9894 2320 2044 1239 5411 8296 9993 9193 0 6349 1708 2203 2557 739 1128 2346 6012 459 6751 9596 5320 6721 0 1781 2302 94 401 9387 2067 2994 7954 4489 7191 7229 9441 8872 8683 8431 2291 0 1305 2474 1921 1604 2398 1274 5677 5621 5689 2838 6067 5440 8358 2031 9600 1798 6342 138 4633 1538 7883 7721 9085 4841 2089 7914 4272 833 6517 0 6742 4552 7971 5663 1356 7089 3853 287 2073 1257 2422 5921 6273 3896 9030 1841 260 3577 699 8205 8188 636 6292 9348 548 776 6340 5341 7370 2417 6071 2404 453 2650 6920 6792 9821 0 7999 0 5156 293 879 8713 3786 5345 2713 8790 0 693 9265 8720 7258 9222 6866 5660 7336 7558 4898 911 7011 0 2419 9071 0 763 
470 8122 0 2877 9854 11 538 7124 0 0 6188 2179 0 3258 6318 1062 3724 2312 3644 2448 7266 6208 1944 4068 23 1848 9026 0 4302 3022 292 6446 7827 4497 6768 2515 7996 954 307 3660 1626 9106 0 6184 3904 5688 0 1005 934 1904 4248 9696 423 3736 852 8675 1306 8895 4375 5991 9383 9576 3860 6204 1623 0 217 5087 8611 6307 1528 2851 1721 0 1623 2505 9945 5026 7809 2879 4205 4734 1365 1042 9528 8290 3662 2662 4174 7763 4012 3550 0 0 4967 4235 1122 7194 2340 8316 7764 2044 6845 8189 5226 6210 2168 0 351 2540 2621 0 127 1796 614 0 3009 6260 8022 2908 3844 0 1919 1131 7660 1369 0 247 0 5822 7151 8371 939 8661 505 9143 2305 3762 850 9393 8620 7437 1362 5251 7991 5208 6472 3519 8879 4190 7820 5820 8887 6736 2755 5415 4302 9970 0 5393 6554 9114 5717 7274 2000 9261 3001 6367 3322 0 1964 8091 0 9591 1638 2034 2103 1403 335 2335 7345 2354 2488 2373 9545 912 6673 6499 8441 4641 1643 9384 0 210 6638 4696 8206 736 4739 8424 6191 6857 5829 6290 1648 1316 1363 
2496 6887 2877 3630 0 6899 3099 1594 2631 8180 2512 3755 6729 2598 7377 8147 846 9549 9487 9197 6098 45 7331 3190 8045 5203 8867 7182 2293 6912 8835 5032 8634 8642 9153 9890 1053 381 1720 3638 1807 5070 4425 3054 8391 1695 363 1458 6807 6263 2953 3641 0 9822 2010 5300 5241 3232 4902 1129 8101 9560 4406 9677 886 2077 6611 8494 594 4320 9515 0 3991 6829 8780 7514 3856 0 6354 8424 9374 1200 7254 9733 0 8372 5610 7512 9694 4197 219 157 2136 3161 4837 2384 634 5002 1221 7697 126 2782 5548 9144 994 4738 6029 4301 2426 7517 549 1243 3271 1527 9989 3579 1179 8291 4704 7362 886 1926 9149 929 7831 785 0 8727 3419 7866 2357 3824 3145 6000 2160 7131 9454 153 6973 319 2568 3315 7997 234 5219 2827 9599 6137 1302 5199 8078 2299 1768 1638 3368 8196 2470 8106 7773 9883 1122 0 9960 0 7535 4725 1759 6498 6825 7505 9354 7512 9339 9973 5832 9635 4569 2460 8453 1844 2151 6555 7028 9279 5552 5400 5757 1387 9668 7212 4296 1101 5602 7628 3724 3795 5097 551 1257 4996 3049 88 4968 9 4747 0 21 
5502 0 9854 0 0 2887 0 320 8877 5258 8046 485 6470 1731 3794 1458 9725 6764 1485 4236 893 2277 5663 8417 6043 7220 5624 4397 1425 6915 7017 80 6270 6862 1182 8645 2758 5226 6118 625 3889 6193 3355 8234 5434 9186 5674 9069 9061 1438 8728 4511 8476 568 4366 733 3778 5010 2475 3636 0 4653 0 683 7166 1879 8581 2942 3328 0 2027 1032 1378 1363 7262 5973 0 0 7026 8075 4662 1464 2103 6500 173 9025 6469 3996 7302 2051 5668 1842 789 3681 2284 6852 8810 778 1663 1352 1470 3072 1424 5352 4029 3397 9690 0 612 9114 930 8347 8755 682 791 4033 8547 2059 8698 2636 2633 8721 4166 857 9833 6143 7245 4988 7411 1579 0 5096 1246 445 6353 7777 8643 8302 8262 833 5481 6937 1314 9853 9642 9610 1624 2747 1218 5249 5746 2374 901 9866 4799 2650 1924 849 1170 8904 2693 2554 6014 9480 6181 0 7769 5236 2750 2023 2735 7538 5464 2933 7781 0 186 4882 779 3177 3105 2403 1601 3041 8395 8503 702 4559 947 6359 4544 5584 2395 9703 1617 6014 0 2201 5743 2959 100 0 3721 8964 414 1322 4361 
3627 1524 11 6899 2887 1448 5866 9382 9058 0 2256 4100 1927 5897 2876 5356 0 2466 567 1189 3032 1365 3887 2164 5974 5237 1121 7107 8886 1415 6866 1630 3670 4144 3230 2612 2040 1283 3875 9795 9879 3200 4275 1449 2449 3376 4963 7505 0 203 6437 0 9683 3541 8656 7347 7847 3669 8208 1771 3193 7731 9279 8414 4336 1397 2910 9669 5093 1095 2285 5104 5568 8714 953 5483 1497 3316 2095 3104 2656 6279 8786 526 1548 3847 7823 7344 8666 122 5517 4493 5460 5576 8232 5326 6980 0 7836 2217 9210 0 6157 1578 9140 4827 5150 6186 3223 0 4843 0 3057 0 6486 9537 1520 972 8267 0 8698 8483 1691 9001 8594 572 7936 620 2840 2912 9380 2450 1250 0 7136 3030 0 1063 5481 6689 0 887 8368 7259 5636 9368 4756 2252 6940 8384 5727 4563 0 0 2653 6084 9750 1109 7977 1359 1867 2002 5002 5070 0 2031 5357 6949 2662 8489 6965 6925 3218 0 8541 1079 8812 522 3581 0 0 1538 6840 1254 4228 4618 3762 2164 8173 4963 5133 4413 0 6178 7429 3544 3558 9000 9508 4485 3268 4384 3217 3906 5919 2616 8721 
5834 8093 538 3099 0 5866 17 9547 3790 1305 1136 6374 7029 2661 8712 2674 6509 3306 3656 2719 148 2442 1382 3985 1901 3297 1713 3979 1334 6226 9686 0 455 1359 4622 5221 8488 1916 4892 4407 1903 1636 3905 0 133 8030 9838 0 6431 3209 3815 0 3246 4272 9875 7761 0 0 5573 2421 4691 5113 7898 9273 72 9722 6179 5027 2213 2603 5290 5326 676 7375 8072 5465 6803 8012 0 5068 2237 1093 8231 0 4660 0 55 4851 0 7974 0 7389 9534 0 1299 348 6428 1180 145 3034 7703 9365 3326 5986 5088 6441 3618 4137 2412 7703 5304 8800 6293 6154 2270 3081 5698 2670 4694 4651 4662 8556 4686 467 5659 520 0 450 8618 3576 0 8934 559 521 7207 9262 1682 1898 5667 5755 7116 6051 2521 3806 1785 760 0 1318 1520 9716 6639 4807 3528 4501 8348 7703 4686 1532 2432 5678 8624 1002 4978 328 879 5862 2323 5084 8253 9720 1534 1563 6375 3123 1051 0 6000 0 8822 2314 8697 9967 699 0 5533 1922 6369 5642 1719 0 5083 6780 1219 336 0 9090 7615 6663 3116 9355 3438 0 4261 9932 0 3928 6213 
1268 5478 7124 1594 320 9382 9547 1533 6772 7478 7927 1057 8083 6268 8481 2407 0 2868 516 1971 0 9827 8592 5268 3840 6896 2637 6163 6516 8350 9523 825 1622 213 269 6969 7637 2830 0 1485 7618 0 2853 1500 0 3276 0 1214 2597 5683 1230 814 7016 3883 7005 5365 2340 4249 8532 9289 9773 1746 4660 3837 0 6284 5691 7717 0 0 6967 450 2748 6316 5359 7759 6805 7670 2712 7806 2057 6553 8335 7503 1886 4427 4046 811 2126 1192 7618 2342 5298 0 784 5016 632 5667 7679 0 4060 8818 0 1729 8526 1427 9488 6821 5114 1976 8093 8418 8731 2115 8328 8392 5302 2698 8722 1549 7145 2694 4064 8204 8510 8027 0 1284 6867 503 1614 8749 6013 0 0 876 3420 6847 8370 9686 638 0 6071 5706 1230 4555 0 0 969 0 8072 3116 1334 7525 9543 5677 2883 4044 5403 6219 9155 3956 293 6280 7052 3872 8060 757 1899 5510 7799 344 1714 1965 4321 6076 5888 4484 4975 9867 6906 1719 2854 5829 4802 7975 0 8640 6984 214 8174 6351 657 0 226 0 6892 5038 0 5139 8813 3154 2709 6540 2027 9141 5389 
0 4228 0 2631 8877 9058 3790 6772 7944 4233 2957 9832 1423 2354 9476 2554 7373 2608 312 958 3727 8573 6406 2319 8884 8586 1447 4533 4050 7616 4264 0 0 6056 2402 2025 784 3956 5554 7037 506 5797 9080 129 4147 5589 9330 9682 1339 0 1201 9526 8375 2184 5533 744 0 3634 0 1311 3083 221 2413 792 9671 4468 379 7813 5551 2480 1952 5403 1028 6139 7184 4741 1814 8439 7608 0 8859 8550 7853 1840 0 5574 2972 8356 1450 2011 7825 9869 6913 0 7100 3904 7143 7670 8980 6432 674 5685 5206 4066 7793 9688 7985 0 1631 7317 7839 8390 2918 5615 4782 9402 3275 6686 7470 0 643 5726 206 1034 3454 7674 6637 4993 8127 7667 1595 3396 4639 5308 2569 1782 8307 5714 4814 710 5302 8124 6255 3759 0 9720 7769 0 3536 4449 5586 6821 139 9850 4652 3417 2036 8809 6107 1599 5992 846 726 1623 8419 8207 3298 5296 4698 6965 55 6577 687 7809 6928 5158 9435 5423 5036 3757 1878 8371 8138 8759 1669 2670 4109 6934 6604 2462 2762 8179 9818 8314 3791 4878 1990 3789 384 3250 9103 472 4925 9904 4794 1063 0 
0 3712 0 8180 5258 0 1305 7478 4233 0 421 0 2002 9202 5793 8078 0 4098 6475 5336 5006 3347 0 9306 1820 2788 1107 1700 462 6343 0 9842 3149 567 423 5795 6766 334 5902 5941 3495 6400 0 6154 6926 589 1415 3019 1108 2002 9714 53 1617 2842 4678 3754 196 9930 5807 9286 7405 109 7928 5701 8792 8174 8892 9264 1229 1780 9712 298 3429 4348 1415 8577 0 5873 142 4555 0 4138 3475 8398 3788 1593 6140 3705 1466 0 3642 9694 3710 2562 315 2198 585 954 5975 4361 0 0 9848 4904 5284 455 517 0 5674 2901 8154 2738 4396 5590 539 3141 6498 2842 9725 8552 4287 9707 9801 6735 379 3977 9999 9764 4643 8903 3838 5500 9688 47 2076 3671 8205 965 955 5977 4819 4432 3632 7072 0 1680 3220 0 3968 1510 9751 6309 8752 0 6367 2185 2763 5547 7089 7731 0 6775 9853 0 3243 634 1665 4476 898 0 3422 8307 0 5105 2670 9046 2881 3181 5200 8965 356 8649 5319 6351 0 5531 3742 2650 3638 3420 2673 2648 0 5789 701 0 9942 6967 1664 4464 8182 3176 6829 432 7672 4703 3891 
8303 0 6188 2512 8046 2256 1136 7927 2957 421 7915 3965 4408 9428 1417 4747 2431 6664 2788 2810 4548 5486 1327 5654 1048 8486 8813 7797 7784 5962 48 3410 8966 6281 0 7303 2291 3381 4109 877 54 0 430 5762 0 6152 3932 777 8016 0 0 3944 1824 7217 6072 5532 9447 3219 4313 6392 4003 1063 7745 2052 3940 0 779 5155 9217 2945 1805 1658 9426 4782 9811 9339 8212 0 6031 0 3168 1594 1231 6373 0 5138 1693 0 2529 2270 3038 3491 8652 6331 6951 3395 7682 4409 0 269 8270 0 9998 7189 1599 160 4537 9380 1244 1213 9586 4553 5444 9929 4768 5845 123 5416 8249 3651 0 9523 1376 4541 8103 2251 1664 5241 32 2023 1194 8493 1505 349 1981 5669 0 825 263 6398 4380 6108 75 3303 4423 9377 1452 8091 893 0 0 6389 0 2688 8825 7446 3246 2136 5265 9553 2465 4187 8327 753 2875 2248 2916 3463 8676 7542 5028 2619 8496 9380 5346 1597 3336 8659 2634 755 7471 3745 6991 871 5258 0 5027 9328 5246 9640 26 7431 7747 180 8839 1581 5203 387 9633 3543 3417 9464 2614 2674 5223 3536 5869 
602 1845 2179 3755 485 4100 6374 1057 9832 0 3965 0 0 8587 4139 9296 3002 2847 1596 2146 1322 7065 1466 9277 4636 6544 2512 0 6092 7900 6568 7553 2321 0 9986 4561 742 6648 9696 1158 3928 7413 2730 3286 5150 6060 4232 3463 2886 4485 50 7743 1388 0 4289 5717 2852 2936 1228 2553 8783 9858 2256 5517 8130 6558 5219 2085 3762 4557 2737 0 456 8994 1318 7577 0 5693 4676 8024 5276 173 9039 2505 420 1000 8918 7695 7352 9213 9391 7733 2708 5651 9818 631 766 1564 6197 4457 6607 4156 6658 176 0 3110 0 9030 2515 0 5292 9018 4831 8048 9432 2414 4037 1689 0 6105 5204 2333 1701 3554 0 7451 843 3326 4076 4610 4916 3152 0 2653 4878 8965 1374 1232 8389 2539 5520 8307 7718 2410 8706 7194 8124 4532 8182 2562 7378 1749 596 5012 0 4307 4820 8376 9410 4228 2581 0 8293 5289 4378 0 4684 4924 6393 8370 5366 7762 982 9406 2604 0 3500 9102 1231 9548 567 4010 0 880 8442 5307 6659 9921 4274 1690 970 4778 9340 7213 423 3632 3075 1568 0 0 8815 8079 2482 3482 6097 3744 5388 
8311 3578 0 6729 6470 1927 7029 8083 1423 2002 4408 0 1732 5550 2039 1636 229 4770 868 1106 3437 5048 8164 7928 0 247 6099 5122 482 7190 1061 3109 9641 2835 2119 6417 3659 0 5589 2715 3956 0 1807 317 8500 6562 7462 787 5157 1846 2530 5002 3212 7377 3819 0 2858 9783 9469 6652 4998 512 0 7413 2592 2892 4679 8765 1975 4021 6307 344 1755 2022 2474 5184 111 2024 3181 5729 5053 1333 933 3681 8851 5318 514 8522 5505 5880 6848 903 1900 5426 8954 0 8321 4843 2328 3292 2506 5425 8401 2013 5632 1485 1466 0 264 9890 1229 9449 2869 8808 6787 640 8677 2907 8247 7845 9822 2598 9920 6240 9653 9161 8848 7854 2455 3534 0 3517 7922 4412 947 3781 7709 4337 2168 7635 3319 9967 9845 943 1233 6804 737 3065 10000 2739 1737 9885 2844 5650 5343 984 4878 8414 3138 964 2791 0 8095 1950 0 0 6720 0 3156 552 3088 7237 3797 0 8892 4000 7504 8299 1846 7890 9178 9049 128 3248 1425 9319 4882 0 6236 2354 9741 3985 8668 9651 1520 6776 8826 9317 607 2161 9849 5598 4149 9002 2057 8430 7960 
6665 6987 3258 2598 1731 5897 2661 6268 2354 9202 9428 8587 5550 0 6309 4208 3094 9048 5787 6372 5286 0 0 6050 0 3219 9362 8161 0 5755 9598 3586 2493 4125 9049 654 1086 680 9877 9867 5815 8162 1759 9278 1546 1835 5600 3068 0 6105 1287 0 1057 882 9596 1106 0 6071 3161 7582 3791 0 7658 1090 548 5697 9898 337 3899 9738 4452 1185 7580 2719 1642 2889 6234 6422 763 2225 1483 153 2029 3637 3676 6775 6161 2369 8873 3550 3822 245 429 39 4142 7212 5686 9577 0 1070 9086 9334 4125 1777 9474 4813 2373 4703 1805 0 4214 0 7983 2386 2547 4379 2665 0 8929 3024 0 3218 1318 87 2562 1235 5440 9843 0 2412 4003 450 4946 588 9384 3995 5208 900 6326 434 6367 2643 4923 6392 8913 3506 2568 241 9614 6002 6131 9101 9593 9563 8586 1550 1271 2471 1143 1163 5860 1138 2247 6472 5642 6271 85 6626 9322 870 5329 2421 4427 4348 4012 8840 7767 7202 5832 3869 1792 6707 248 2600 982 3610 1952 6690 0 3708 7217 2150 7064 1726 8586 0 5852 3615 7492 3515 264 0 3985 1661 6059 0 2662 
4023 391 6318 7377 3794 2876 8712 8481 9476 5793 1417 4139 2039 6309 0 134 9470 2149 1928 3709 1523 860 7137 4900 5849 5289 5625 7283 8079 5583 4221 2110 7073 9799 6654 9491 4921 8770 0 4658 0 8372 1955 5477 0 0 9173 0 1919 4124 1571 5278 2137 1757 7831 7054 9421 8395 7458 3209 772 0 8547 2088 5185 4258 4148 4529 0 6686 8429 7628 1600 8113 0 2757 9372 1713 453 0 8854 1493 1310 8370 1794 709 4862 6050 6472 2452 98 0 1555 3667 6167 3537 750 7929 1625 1154 0 8818 5593 2532 8567 2446 4383 7028 5440 4136 5800 5225 8418 8983 4865 7492 5558 0 5623 811 7294 2087 0 4702 0 1167 381 5296 719 6988 4618 4960 3715 9150 4796 6451 7481 7641 253 9829 4876 4775 5088 3092 7161 1768 7993 0 1400 6658 8173 0 7282 9576 2071 9719 0 3857 5564 0 1519 5829 0 8686 1017 1533 4631 3389 7526 9209 3786 8052 5313 426 5094 5775 7770 0 0 8207 5280 7283 9373 8122 4803 7295 923 5629 526 6803 9855 2168 4721 8560 8341 3964 1941 2448 5248 8333 2108 7305 120 0 1813 1033 1558 
2752 7861 1062 8147 1458 5356 2674 2407 2554 8078 4747 9296 1636 4208 134 0 2579 8623 7187 1434 1386 4815 9346 9306 68 4639 8184 204 2881 2213 1003 9913 58 1436 1947 2602 4930 4664 8 7875 3860 8817 6658 194 9104 7628 9213 7345 3476 5873 6053 5779 4987 6172 4086 7970 2724 3566 1386 1185 4811 1778 1738 6933 1753 294 0 0 2625 6017 7549 1329 1667 1560 8084 2299 2439 2373 0 1038 7923 3 1638 733 7499 2150 4400 1565 3370 7842 9289 9868 2474 5484 9803 4745 7133 598 4700 8196 4781 2656 9342 5619 3452 6326 794 2111 9848 4612 9473 2410 7241 1969 0 2664 8151 3326 425 42 6470 1577 8608 2485 1226 5530 3475 934 2030 6352 1916 1816 6271 2151 6643 5274 6537 4661 8967 6904 8980 3028 1434 5309 5383 3158 1702 9190 4520 3075 4379 1499 0 891 238 3267 947 8570 9598 1827 6878 73 9362 7063 1364 1643 3831 6618 1883 4237 2849 1868 3824 6013 5447 3342 2861 4428 2410 4824 3526 8836 261 1906 6856 7385 4219 4724 2830 2240 6019 6193 8882 9308 9389 3997 128 3531 1261 472 4498 0 7036 4106 7106 6322 1373 
88 7346 3724 846 9725 0 6509 0 7373 0 2431 3002 229 3094 9470 2579 0 359 3329 4297 0 5224 5599 8492 0 9897 5126 7334 895 5516 8043 7193 9433 0 6478 6112 3297 9019 2473 6185 3483 5635 6432 0 3207 9121 6696 2841 628 0 6186 3198 7330 419 3067 0 3367 8915 9870 1076 9541 8765 9883 3157 887 9461 5424 702 1720 6062 6927 5516 1738 6395 7560 1458 1747 276 9107 2660 3321 5331 5970 3861 927 238 0 6957 9022 5452 2004 1219 4134 1359 2033 7928 2169 6994 8249 5438 8 7133 5163 1473 2367 1775 0 0 9886 6359 1746 8882 4809 965 1368 8883 6918 375 3455 4549 6476 456 8066 0 2096 0 0 4958 9362 5262 1591 8161 0 3573 5098 5696 5456 2715 6044 6082 7427 5062 3567 2032 500 822 4440 5326 3415 2372 167 6460 1131 1640 3071 8055 246 7016 2256 2036 3528 7736 1409 423 7547 2232 4488 6187 9700 9837 3176 8923 5286 9909 2492 4665 6998 2480 5734 951 9627 0 7936 1705 8071 654 8432 7436 0 4850 3773 7637 805 2456 3197 0 9035 782 4555 3161 5345 7601 8736 8957 4993 4859 11 
2454 5802 2312 9549 6764 2466 3306 2868 2608 4098 6664 2847 4770 9048 2149 8623 359 0 6783 1420 572 626 1532 4723 0 9679 6947 7699 5509 0 4253 5019 9694 9371 1127 6541 8907 5423 9154 1566 3087 787 2209 4962 5315 8568 1929 7366 5254 711 342 9883 2410 6750 5754 9520 5725 7120 474 5085 144 5141 7409 637 2365 1703 8472 2517 4304 268 4339 7661 8200 5468 4519 4024 652 1835 3323 6984 3974 6410 4270 5870 5561 0 1107 5770 4222 3655 6893 7834 3710 2576 9937 9895 2458 581 9175 1714 0 988 906 8599 8702 3905 349 5256 4154 7210 137 1020 2980 0 0 3967 8574 87 8739 7498 0 2961 0 182 5253 0 126 2018 2443 4055 5436 6783 4930 0 6544 660 0 7460 9324 1279 0 0 8954 2743 5865 4890 3154 1253 6947 9843 148 6405 4012 3190 0 5217 451 6242 3503 1468 2595 9582 4342 2196 1987 111 9141 1315 7876 9474 4764 2054 0 3318 0 425 12 2048 6944 1074 2693 2538 4543 2751 3451 7133 3441 2361 5978 3062 2351 2717 2059 1703 1077 1372 9326 7076 0 6794 4306 9130 3154 2239 3430 0 5459 
8355 5783 3644 9487 1485 567 3656 516 312 6475 2788 1596 868 5787 1928 7187 3329 6783 0 2461 7027 475 1889 2140 7433 6650 9010 9759 9585 8241 0 9326 1476 8552 5384 1901 9756 1861 6297 9303 0 975 6589 918 5325 7957 7607 1844 4532 5835 2368 1272 4632 9732 8977 2440 7421 0 264 3576 9091 7808 2155 5701 7685 3851 7743 1142 7562 3426 8500 2512 2372 7436 6118 8079 9172 1265 5053 9077 937 2145 1270 6334 2193 6794 4638 1047 8053 9852 5098 3293 4008 3892 0 4179 7933 1341 924 8163 2451 3743 4541 819 6640 5245 1583 2489 2344 9411 6007 6356 9450 9605 1098 9839 418 7888 5517 6437 6874 0 8509 9223 6483 3921 1045 4979 9119 1026 4450 6739 2535 342 2451 6942 7600 557 9436 4889 685 1955 0 6285 2359 4150 5328 5122 7558 5151 9764 0 9164 390 6623 7005 468 803 1370 0 4756 3709 9255 8765 598 1357 1181 9157 2526 6833 7753 9336 4171 9440 6290 413 3434 5091 3788 4676 8994 8265 1632 1435 2688 2313 6196 5564 9298 5848 7434 1236 8264 4934 5087 5657 2391 6989 5977 9198 3664 2244 5918 2793 5239 0 3120 
8519 922 2448 9197 4236 1189 2719 1971 958 5336 2810 2146 1106 6372 3709 1434 4297 1420 2461 0 811 4703 4492 7271 9863 5171 528 4994 0 2027 593 8176 1786 7246 3075 6751 3918 3902 9781 4541 5999 0 310 4358 1982 444 5405 5240 5583 9980 7737 2219 3533 0 464 3382 5700 6172 4249 6264 8575 9032 9569 772 0 9199 6472 1757 846 7348 1444 1128 5899 5663 5865 2837 2805 8752 586 5391 9584 8854 0 5421 9367 5716 0 0 0 4383 7579 3337 8152 9107 3178 1470 4611 907 4996 2714 2277 6518 3560 9471 3490 8789 7672 6854 6094 1724 1154 0 6331 7934 4499 5000 379 1601 421 0 0 7344 7537 3849 720 1118 1473 2771 1806 6710 7015 3059 0 3938 9016 545 4997 5474 4754 1834 6765 7127 4136 2742 0 9438 2096 574 6798 4651 6668 0 0 7533 5605 2428 0 4461 1674 2104 6189 9267 8817 1921 712 6188 5009 5123 1691 62 4925 2922 4673 2579 155 6556 4259 9025 2247 7338 2698 0 0 5572 4113 4686 9868 8422 2620 8989 7152 5490 7745 1715 3134 1515 9910 1891 3638 9506 0 4998 1739 6451 0 6262 591 
376 7725 7266 6098 893 3032 148 0 3727 5006 4548 1322 3437 5286 1523 1386 0 572 7027 811 7049 3135 0 8898 3722 9300 7541 6045 4066 2614 7872 2231 226 5262 5890 2802 8762 1448 3615 3599 6459 4015 6073 7094 3495 9462 0 5612 6802 5019 6156 8010 0 5983 5026 9035 5114 5643 5910 1409 4478 5258 7228 2439 1250 0 538 8304 2024 1156 5961 5763 3560 430 2857 2117 6520 555 6636 4295 4126 8174 4590 4799 0 6900 4101 2212 6400 2162 7068 9032 6584 4629 238 9131 5857 6137 2516 8275 4752 7671 7884 377 657 580 6231 1959 0 1067 5571 6272 7630 4551 6016 0 832 2517 9027 5575 2329 404 6402 2143 7844 2549 7050 7842 7907 1413 0 6026 3724 9042 4348 4224 0 607 7985 2575 4390 2952 9045 0 0 6427 5041 0 1369 406 1116 699 6187 3809 8178 585 0 6218 2910 0 180 433 4663 734 9898 0 7349 2229 0 2174 1178 0 6040 5424 5969 8688 2408 407 8131 0 7450 6186 204 9719 1875 1662 3768 8199 9947 5968 7250 9531 0 6384 236 9790 2026 8596 4074 1866 8631 8161 6607 2094 488 8098 2655 
5396 1115 6208 45 2277 1365 2442 9827 8573 3347 5486 7065 5048 0 860 4815 5224 626 475 4703 3135 0 2884 8745 2835 548 8931 738 7406 5771 559 2305 3421 400 6882 116 2653 9912 865 2842 3720 7479 7715 368 4373 5181 2375 2869 2103 7908 4063 6294 7219 24 9691 1047 1713 7463 3958 2851 3004 1749 2654 7138 2972 8807 1171 2069 6339 3334 6016 1762 4935 3654 4202 7146 174 477 6812 4572 2659 0 9546 602 4438 1483 6210 6063 3995 4108 3288 6921 7692 8011 6909 874 6139 3814 5684 926 124 44 5158 7770 5374 7472 8699 3471 7660 6163 5000 0 8550 1026 6366 0 7419 5655 1556 0 0 1143 6616 5959 1208 0 8415 113 7923 5630 7825 5339 2573 4008 7009 3441 6679 5770 86 5592 1638 1922 1936 1136 5288 4456 4007 5713 0 1890 8916 1933 7056 7563 1489 1474 228 748 4648 9173 3112 1928 6223 8189 1451 2535 3804 4658 7642 0 1081 6245 2479 3260 7639 7064 0 9770 6190 5060 7597 1397 6682 4530 0 1475 1118 6008 9227 0 9912 3634 2332 8806 6485 796 8062 2838 3906 9097 5635 5362 0 2156 0 0 6838 
0 0 1944 7331 5663 3887 1382 8592 6406 0 1327 1466 8164 0 7137 9346 5599 1532 1889 4492 0 2884 0 5505 4208 9760 9213 5032 0 3168 6165 3968 6485 6616 9980 2383 9329 782 2508 1856 2923 2007 2144 7527 114 557 8752 1311 425 6171 833 9727 5257 504 5551 5118 8180 5437 4054 4120 4914 1085 4806 5690 616 1579 0 520 4692 2785 3979 0 7246 176 8240 8486 0 8241 7995 10000 9049 8153 1200 6790 7746 4861 7395 1185 3617 2729 9060 868 1564 7748 7166 7853 5697 4450 5111 2790 4467 6234 7493 2903 6809 2546 5139 4324 1039 9432 8165 7752 9290 4211 18 1277 3721 1227 535 9146 30 3405 9213 3418 695 8830 9605 0 1385 2066 4029 2529 8850 7331 6863 3393 0 4219 2454 0 4591 1495 0 8635 7270 1389 0 5631 763 2041 1138 751 6390 6427 2539 6585 7305 8950 1495 4406 1847 2236 6517 3866 4034 9223 8525 4329 2374 0 7153 3648 6517 2897 4176 4633 9449 46 0 5879 278 9510 9399 7873 3116 7874 0 1853 3405 7224 997 1252 0 5889 0 4325 3195 6990 5476 609 2917 4436 7614 1910 862 173 1954 
4824 95 4068 3190 8417 2164 3985 5268 2319 9306 5654 9277 7928 6050 4900 9306 8492 4723 2140 7271 8898 8745 5505 0 8363 2995 4994 0 535 3210 8743 6639 1859 6692 3252 1745 0 972 2677 1330 1150 6840 2961 7135 1981 2574 6551 0 4058 7291 1698 5266 7953 753 1115 1492 0 0 1003 2055 193 7060 7671 7870 5416 1278 5073 2786 9268 2519 2927 9518 491 4590 6648 7958 4235 2581 0 2251 1959 8751 9725 1496 230 9320 0 9503 2307 9006 4176 2304 2584 635 28 6817 0 0 1897 7078 2150 3154 9094 9806 3168 9268 4175 1881 3476 5566 7107 8240 0 659 2940 803 5497 9470 4243 5450 7116 1355 1096 3400 6016 9700 3428 4832 0 5677 6494 9735 1517 2285 8650 8882 5620 7985 59 5254 7670 9419 1433 7951 5242 0 2444 6407 9747 2782 2437 7018 7061 5082 0 8837 3273 740 0 5635 9208 9472 9058 4819 7266 0 7516 1406 9816 8403 6041 5988 6044 1218 7103 11 0 637 3548 0 1531 1311 5001 4111 4267 6836 9025 4748 0 7058 8361 2012 4294 228 9965 8032 6331 8536 6032 4619 9327 7346 7757 1387 0 4573 1076 
3453 8909 23 8045 6043 5974 1901 3840 8884 1820 1048 4636 0 0 5849 68 0 0 7433 9863 3722 2835 4208 8363 4406 6311 1804 84 2879 1623 9751 828 9274 4304 79 6477 8969 6440 0 9141 4784 4787 5303 0 1801 2738 8156 5297 2798 6988 8017 8966 7250 598 6217 3855 5740 4757 2702 702 3728 4392 4709 9609 5705 2395 5318 2179 7379 5038 2453 6036 990 2448 2695 9260 6240 6295 6508 7354 6908 595 1924 2592 6466 864 298 4426 1127 1476 6055 7098 2586 8510 6418 6013 8465 7168 4072 5807 4336 8127 7711 9896 1706 4887 1396 747 7246 2521 7558 3803 7348 1937 1193 3014 9317 5207 4413 9109 0 1615 8174 5007 886 1272 9361 7527 2124 1087 1774 1541 8922 2844 2901 1081 131 0 7644 7703 6195 6732 8678 5565 7734 1242 0 8492 1016 5194 5219 4611 2211 2666 8753 3865 1576 0 6675 8476 6968 9464 5125 5022 1943 6217 2411 0 2737 0 4538 5319 3280 0 0 4640 8156 6307 270 9820 4980 7190 0 9806 7486 5972 4371 6012 9035 2606 7224 9761 7980 808 5337 749 2056 3175 1961 8860 1683 6773 5955 0 1719 2869 9144 
7577 3655 1848 5203 7220 5237 3297 6896 8586 2788 8486 6544 247 3219 5289 4639 9897 9679 6650 5171 9300 548 9760 2995 6311 9224 9798 2286 4910 8430 7612 575 9008 85 8477 1148 2607 9979 5584 6826 547 8008 1157 6815 6726 7868 110 0 4793 9235 2923 1145 4383 556 3513 0 8472 4336 3519 0 613 8366 2419 6820 3490 7623 216 8363 1233 9984 6198 8751 4387 3808 6624 8989 819 9407 6151 7319 3366 1229 7189 9940 6960 2926 4479 5202 1449 2543 3804 114 7536 2787 6549 8328 9140 1696 6090 872 9442 7979 4582 6202 383 2855 397 1637 3598 9255 2419 3397 4186 9258 8580 0 9064 276 0 6728 445 1149 7047 1568 2965 1695 8238 8276 9216 6047 4264 477 4419 719 7614 2132 62 7278 0 4341 7373 1527 301 6633 939 539 5874 4694 5530 9408 7018 9725 1189 6610 9655 1042 8892 8314 357 2509 4679 61 1085 607 7959 2465 7804 6071 0 6411 1091 0 493 6364 8730 4563 1324 4270 5136 9274 0 728 0 3623 270 2081 5181 612 6029 7517 44 726 6070 6594 3007 2395 4504 7190 4264 3090 8876 8027 3592 9242 4172 0 3036 
1850 0 9026 8867 5624 1121 1713 2637 1447 1107 8813 2512 6099 9362 5625 8184 5126 6947 9010 528 7541 8931 9213 4994 1804 9798 4575 0 5540 446 1254 2199 8783 0 5143 154 0 4978 101 5048 1985 2746 9626 9509 7230 928 0 5425 1891 1504 9986 5363 438 6530 6700 2212 4669 3001 8349 3690 2494 5034 2700 9962 8594 7762 3561 3934 3470 2468 4838 1902 0 5876 7935 2705 8836 7052 1419 5337 3743 1473 3924 731 2770 6584 3887 4046 1048 6762 8783 4713 785 8935 5302 6906 0 8138 2995 4940 3910 9051 8684 51 3628 7212 9438 9347 8385 5731 7595 6525 0 3644 9694 1367 6637 2516 4744 255 3717 5099 5965 6214 4484 2645 7235 6988 420 407 4502 6631 1305 0 3107 904 4169 6354 5038 1894 9875 3343 0 3021 5616 2465 1547 5446 4254 7605 4875 4578 1361 3776 5830 4354 6995 6226 9044 4467 2638 3034 5456 6361 7130 5536 8828 2241 6328 6377 6090 0 6720 9265 1810 9793 427 9611 5152 1046 9413 6731 5365 706 8513 4862 0 3746 1418 7975 5141 3710 6619 8795 6986 4588 6489 1669 6070 0 2063 4297 1329 5544 3520 3205 4403 
8371 0 0 7182 4397 7107 3979 6163 4533 1700 7797 0 5122 8161 7283 204 7334 7699 9759 4994 6045 738 5032 0 84 2286 0 0 0 5519 2003 5575 3837 6962 965 8390 2037 1511 581 2979 1894 5533 7842 5371 5282 4336 129 0 293 7134 8745 1818 7883 0 1802 9926 2454 645 8638 0 0 3702 249 1449 1961 7597 0 1291 5758 2626 7210 5303 1780 5195 8514 6717 6393 6910 6719 1298 3765 2728 6088 2170 0 5549 3669 2157 4084 4217 9435 5817 8115 9059 5071 6067 2977 1148 645 7541 5789 9227 6593 2825 6484 1097 7835 0 1942 4274 3606 8368 8087 1942 1888 1396 549 13 480 0 149 7701 0 5479 6289 732 8553 798 8315 0 2541 189 0 3065 2640 6094 2927 3874 7116 4501 1037 2744 9820 87 6397 0 7778 270 9637 857 1665 7393 6459 5850 3517 7732 6536 1587 0 8369 5479 2000 603 2005 5938 1003 9008 885 578 1640 2083 5149 6634 6674 6962 192 0 8352 0 2353 6957 7432 6241 2733 4746 6113 850 4210 1383 3007 2868 5120 7052 2036 5489 9789 4732 2712 1739 9891 0 1126 5200 578 2676 7866 2042 
944 9728 4302 2293 1425 8886 1334 6516 4050 462 7784 6092 482 0 8079 2881 895 5509 9585 0 4066 7406 0 535 2879 4910 5540 0 0 7897 504 5593 6762 2884 9284 0 7404 749 1853 0 865 7282 7306 736 2376 1195 6038 0 0 4251 5197 9049 2745 4139 5183 6042 4883 1815 8369 6960 9585 2061 9567 1925 0 9503 1142 7005 9702 5050 5759 5686 3673 2807 867 0 823 6554 6479 4441 4889 1546 3685 9158 2016 913 9901 790 7682 5273 8697 6917 8926 2012 7832 4931 0 835 9991 1500 2453 412 9988 0 5438 2203 945 633 338 7004 6408 3683 7001 1191 6952 1898 506 3978 9512 1649 6985 0 4055 7028 6657 8879 1158 921 288 1772 6045 5422 5607 9668 5593 5911 5517 0 7135 7770 1031 2968 7692 2903 1689 1904 2252 6208 5012 5832 1423 4445 4308 1010 6595 4881 807 7554 0 9878 1190 2622 9478 6239 7914 1214 1089 7235 1104 1500 819 4797 8531 2474 9131 0 1378 0 1077 138 7302 0 927 4732 8932 7257 8665 4553 6771 8243 1046 9084 7849 9079 6668 1149 9034 7789 7032 8325 883 5572 0 4042 9778 3188 1122 
2950 4859 3022 6912 6915 1415 6226 8350 7616 6343 5962 7900 7190 5755 5583 2213 5516 0 8241 2027 2614 5771 3168 3210 1623 8430 446 5519 7897 0 4081 7582 3293 8481 8982 4117 1840 4704 3189 4103 4684 4643 9929 4560 292 8064 181 5767 4048 8086 7705 2598 5049 4372 2001 1691 6656 7465 8201 5216 9681 6566 9255 3935 5617 9149 0 782 1952 9302 0 1936 4416 3742 9703 1470 152 6543 8301 244 7092 2561 0 5096 7458 6338 0 5938 6906 8203 3929 6142 604 2845 7629 2841 1589 4249 3384 1301 8141 6198 5048 2865 6443 3953 5477 2666 4427 8650 4212 1284 8760 9161 9436 2897 6587 774 1341 5927 5031 1971 0 4451 1671 3122 9762 7093 598 7866 3818 0 0 9667 2826 7802 1127 7428 5046 3206 748 1285 3906 5341 569 6334 618 6133 7331 397 1114 7152 7305 4008 9061 707 1221 7224 1200 2620 7261 7033 1626 3254 0 3187 5587 3739 8123 3533 1491 6910 5913 0 7778 2891 4613 4913 8593 2538 1485 1790 9694 0 1369 3621 3392 5423 1500 2164 6290 0 2772 39 4505 8260 799 4086 3641 1847 6121 9588 688 9046 8869 1666 3559 
0 1560 292 8835 7017 6866 9686 9523 4264 0 48 6568 1061 9598 4221 1003 8043 4253 0 593 7872 559 6165 8743 9751 7612 1254 2003 504 4081 0 4648 9687 8972 2674 707 7051 1779 214 9500 0 9847 0 6451 4128 1097 1089 7955 1966 1038 859 7635 5802 1487 8172 2003 4304 6258 2398 3748 8481 2110 3891 2045 8731 1995 0 2137 0 2323 1953 2138 0 1571 3943 4721 2943 1748 6100 4755 1774 8294 915 4721 0 5655 9487 7010 150 0 3087 9217 7323 7794 0 7610 6634 1873 8048 2637 9473 9572 6920 2181 772 5925 6890 1192 913 8449 3787 0 318 2261 6640 8404 4152 8792 1047 8545 945 4989 9055 7034 856 6441 2142 0 3169 668 0 1531 5254 0 2906 0 2207 6884 0 772 634 8311 9976 8296 0 4994 2680 6955 6809 7140 7066 2330 9399 2308 6531 4491 1667 9037 9615 811 1601 4165 8012 7991 4267 4516 2251 8438 4469 1430 9188 8999 9907 9225 9682 2653 6635 786 2948 1614 3141 8398 9171 135 1494 2578 0 1743 3210 8388 0 2154 3826 575 5111 8040 1620 2279 4462 2716 9245 2017 7643 3273 4158 465 4310 
3247 5394 6446 5032 80 1630 0 825 0 9842 3410 7553 3109 3586 2110 9913 7193 5019 9326 8176 2231 2305 3968 6639 828 575 2199 5575 5593 7582 4648 0 8360 6632 4948 5289 1160 2445 2070 191 7270 1482 7737 7719 892 2605 1613 2199 9380 3707 6909 4764 9920 8614 2057 0 417 6639 2552 4636 6448 2164 5200 5727 3958 0 310 3235 0 9517 7952 1105 2821 3217 5191 4843 9530 3579 582 76 8291 3257 4893 6481 3226 4126 4795 616 3605 9104 6617 5461 5431 2923 8819 7309 2415 5010 1228 1450 7586 7204 1341 4555 8966 5762 2578 3069 9725 3989 3976 366 904 2857 4044 2094 2653 9709 6393 417 7292 0 8163 5978 754 801 9687 5658 0 8261 8698 5168 615 9856 3609 3020 3683 1784 8938 7014 469 3863 0 9854 185 86 9483 471 6303 9994 948 4695 1175 3468 2516 4599 6651 9876 6073 5223 0 5183 8510 1759 331 3431 190 2798 4789 131 4271 2003 7495 2420 8137 1104 895 0 6129 9588 8421 9367 220 0 2572 3463 7581 9207 3379 4582 1268 2697 8785 527 9879 5082 7953 125 7582 4645 6003 8472 4494 6796 8363 1624 6069 
7024 561 7827 8634 6270 3670 455 1622 0 3149 8966 2321 9641 2493 7073 58 9433 9694 1476 1786 226 3421 6485 1859 9274 9008 8783 3837 6762 3293 9687 8360 7655 466 8033 7982 5012 4038 7783 0 0 7608 2481 4276 353 838 9972 5802 2105 3550 7465 2725 0 248 9332 9421 9271 4662 1825 7683 3949 1312 4150 771 9637 4053 1727 832 2047 1261 989 401 0 1285 939 2083 4644 7350 1779 7825 4546 363 3843 2117 2226 2666 5536 8626 6853 8598 7816 7208 2586 7586 886 6143 5680 4036 7708 8670 8070 7405 2209 7552 2161 5415 6584 6272 632 8442 193 2919 5189 1992 3032 7945 3229 8348 3739 370 3713 4268 798 5983 5765 819 5129 78 3845 7879 8853 3607 3923 8220 9088 4153 9136 9683 9543 4869 9551 30 3505 7860 5028 7655 5127 5085 6965 8326 2784 2355 445 5686 9989 2059 47 4765 3969 904 4803 7919 2234 8514 9370 3712 126 8431 0 1567 9314 0 606 5981 5562 2506 2474 5768 2284 5603 4903 5491 267 1645 88 271 6443 2348 2600 454 9425 8870 5323 3708 1396 0 1330 8493 2636 3168 6869 7931 8415 6506 7256 2468 2571 
3843 3746 4497 8642 6862 4144 1359 213 6056 567 6281 0 2835 4125 9799 1436 0 9371 8552 7246 5262 400 6616 6692 4304 85 0 6962 2884 8481 8972 6632 466 6370 1070 2684 6651 7589 6218 785 3479 2662 3933 9187 3731 7540 0 9589 6471 105 0 1487 1405 6656 0 4341 8234 9291 1898 185 1396 882 8071 1020 9622 5144 8022 6092 4792 0 2990 633 0 2231 4103 4162 2112 1209 9028 301 7233 1915 586 1958 3596 9496 505 6611 2002 0 6634 2173 8289 544 7727 9944 8910 5757 2045 3591 8886 3113 0 1711 558 1585 9175 0 4496 4464 972 7660 6741 648 4858 2512 2894 1263 2581 7039 732 9254 5626 3273 2586 6205 2543 1638 2715 6493 1967 0 3139 7644 5550 9689 1883 2442 6791 371 4327 1726 0 7519 5183 891 8147 0 1931 5382 1785 3648 5260 324 270 5787 9820 2430 6708 3774 8033 4864 2203 2325 5224 1110 9031 6913 9879 3222 1031 5856 6512 2873 7114 4188 2037 1117 5454 5106 5310 0 5702 5537 552 4207 7698 5846 3332 2108 6912 2303 258 7684 1725 927 0 5865 0 8602 7588 2846 4857 6136 1980 0 7133 
0 3609 6768 9153 1182 3230 4622 269 2402 423 0 9986 2119 9049 6654 1947 6478 1127 5384 3075 5890 6882 9980 3252 79 8477 5143 965 9284 8982 2674 4948 8033 1070 0 99 5742 5525 2879 487 5706 2379 6255 668 1885 8622 6736 207 4092 0 3695 3409 7334 539 8094 2451 0 4478 614 8280 3314 91 8433 6383 1867 5896 9779 4008 1742 9366 1274 9744 1785 4421 9817 8167 1374 7428 9716 3194 4674 1719 1471 3639 9514 5802 9439 4950 7944 1744 5838 3912 9789 6742 6230 660 4495 8135 643 1657 1878 531 137 2880 6447 0 2879 4845 8374 0 1327 0 8743 367 7911 4435 6850 9276 6008 6187 9403 1374 428 1161 797 0 7660 6011 4226 5355 7236 115 6948 4841 7382 2951 4311 9076 4140 4957 7091 7192 3514 0 1321 904 7867 6931 7890 8280 6834 4531 2180 5006 2054 8306 277 2211 7560 5596 8101 0 3832 6256 0 186 2653 4474 605 3537 7824 7182 6442 6670 6545 9118 9552 847 7496 993 659 0 2062 2142 4058 4187 6958 5775 6726 2078 858 1595 8329 1860 2731 7466 4118 3839 0 7754 838 3962 278 62 3774 4914 162 
1137 1885 2515 9890 8645 2612 5221 6969 2025 5795 7303 4561 6417 654 9491 2602 6112 6541 1901 6751 2802 116 2383 1745 6477 1148 154 8390 0 4117 707 5289 7982 2684 99 0 4183 5118 1838 0 982 3773 1322 1320 1050 9178 5511 240 6746 6706 2688 4046 0 5053 6449 4492 2261 8207 9209 0 1777 1711 5022 595 4395 0 2457 2449 18 1296 7120 0 5567 4473 3254 8232 4170 2756 0 2552 6917 897 0 1553 2681 1518 2286 1209 9303 727 5179 3936 4685 7876 4529 1163 8027 0 8764 5883 1132 6715 4873 3761 1833 8169 3853 9493 922 7978 7338 9601 0 696 5100 5958 1430 0 5264 4253 6329 3060 6841 9794 5650 1702 270 5463 1454 5324 9557 8029 9738 1489 9529 0 1510 0 460 4009 7873 3691 95 0 0 7274 5691 1786 4825 9444 2832 9637 6043 5725 571 8852 2844 363 1022 1291 698 4106 8615 4292 2813 5534 7276 680 8771 1853 4992 7891 1943 0 1841 1801 2746 4183 9368 482 4651 3550 0 4104 9413 8821 0 3506 1226 8755 7238 292 4411 3061 4398 0 942 699 2231 4074 9931 8499 9009 7660 0 0 1633 
8369 1461 7996 1053 2758 2040 8488 7637 784 6766 2291 742 3659 1086 4921 4930 3297 8907 9756 3918 8762 2653 9329 0 8969 2607 0 2037 7404 1840 7051 1160 5012 6651 5742 4183 2632 724 8087 6698 3215 942 6206 7802 7116 5016 9953 691 8040 7384 3468 3769 9058 3223 5264 3375 7353 0 8165 8849 1516 5199 8068 0 118 7576 432 3748 0 2574 7976 9506 4721 434 4036 4009 0 6348 0 5613 9335 0 3551 0 0 9218 653 7922 0 5276 0 5591 9831 0 3384 5042 94 0 4143 2320 9144 6944 5343 2877 2897 8865 6586 5185 2964 0 2913 8626 391 770 2473 6953 4683 3041 6392 1854 0 9263 581 5875 5512 1360 1167 7040 1847 9997 2431 1289 8859 9171 5953 2106 2808 775 4656 2127 3569 8721 4625 8202 1146 4726 1806 6147 0 5653 7878 9449 2874 2693 7986 1546 1523 1443 6406 7747 4147 4527 3913 9370 9561 8548 442 9114 542 5488 7598 7452 9019 2214 0 518 702 79 0 8960 0 7345 3178 8492 2663 8584 2358 2200 6366 1371 7397 2540 5476 8400 614 763 0 1110 6732 8906 0 2378 6784 5966 532 8405 4446 
9826 4664 954 381 5226 1283 1916 2830 3956 334 3381 6648 0 680 8770 4664 9019 5423 1861 3902 1448 9912 782 972 6440 9979 4978 1511 749 4704 1779 2445 4038 7589 5525 5118 724 4256 1561 3441 1296 2289 7309 8558 8428 2268 6621 5530 0 6919 3262 5000 3189 7735 0 2277 1934 6336 0 1360 7607 5803 0 6649 9521 4682 0 1383 1817 5555 4513 2634 4019 5882 2691 2573 8744 4285 1538 1600 8298 7165 9607 2295 4987 8006 1502 1134 7478 4951 6430 4698 3643 0 1068 3889 447 9437 2420 0 7056 7281 1186 3218 639 8318 9277 3790 0 0 9725 2339 1095 4296 6270 7416 1969 0 1229 5106 2547 2175 8093 0 1159 2660 2961 1083 4001 3003 7870 3378 1034 7822 2082 4425 7449 7169 4790 2592 8461 4064 4564 4001 3071 766 9202 0 8692 851 7067 5319 0 5920 1639 1688 7492 4758 8668 2142 3839 3134 2705 1741 7451 3519 8013 1521 0 161 5292 2508 4303 0 8502 885 5756 6868 5999 644 5945 8944 6588 2823 812 9582 6599 1270 4580 8582 2276 2302 3995 6169 0 529 4669 9291 6518 3574 4364 4032 5543 706 8294 2436 177 
4239 4082 307 1720 6118 3875 4892 0 5554 5902 4109 9696 5589 9877 0 8 2473 9154 6297 9781 3615 865 2508 2677 0 5584 101 581 1853 3189 214 2070 7783 6218 2879 1838 8087 1561 0 6968 5873 4590 2055 6853 5829 0 5189 1316 5531 8014 263 2764 1079 8200 9693 5579 9576 1514 7166 8337 1291 9438 0 2427 8139 6718 0 3727 5329 1332 3431 2383 9282 3912 1831 5549 0 2829 9096 6060 1991 9139 1107 3054 1032 8779 2782 2807 9134 5439 7465 7359 7894 527 1116 0 6869 396 451 2350 6733 979 4955 6127 7199 918 9368 9564 7163 2000 9081 0 918 270 8084 4420 1841 1120 395 843 48 5125 1155 204 2281 3161 4788 2742 0 994 76 3930 1800 4190 3834 7235 3428 563 7501 331 492 5273 2671 5226 0 4413 2320 3754 1643 9009 3505 9583 1770 8938 506 1622 2465 3025 133 9883 8031 0 7579 2346 4704 8252 622 6818 7978 3520 5639 3213 6129 1078 276 5602 1357 4647 9172 605 5416 1492 1509 1827 6402 3358 9086 1709 1555 8119 2087 5302 9067 5958 1472 1216 1303 6128 9342 2170 9286 45 587 1293 718 6110 1915 
4529 5207 3660 3638 625 9795 4407 1485 7037 5941 877 1158 2715 9867 4658 7875 6185 1566 9303 4541 3599 2842 1856 1330 9141 6826 5048 2979 0 4103 9500 191 0 785 487 0 6698 3441 6968 1526 106 3412 7911 6438 0 2350 4763 8909 2863 9528 6301 6703 1053 9364 0 2295 6294 3298 3402 7599 7270 3227 2480 977 748 9596 9537 1088 3388 0 0 1732 5389 3437 3433 6651 1174 8544 9795 244 1991 7382 3795 7974 8213 8992 5670 6978 0 1886 2367 7242 2471 1552 9812 6771 2419 4060 95 86 8932 6999 977 6811 774 1193 452 5251 8058 3862 9102 4911 5448 7613 3879 7536 2142 5353 192 5901 2864 3695 2197 9866 4776 5602 8413 0 243 6930 173 4278 1775 5111 1846 6649 6983 2383 8922 5818 1289 4622 8232 1401 3461 2727 43 7311 0 7262 7499 0 0 7373 8894 1021 470 9066 547 9999 7259 6103 7300 2760 1750 8541 7487 7767 1272 8707 1232 6409 2624 21 3076 4259 2634 8967 1930 8103 0 8737 0 6058 1050 9777 1683 6074 1182 4245 1393 9954 284 2854 3904 8913 1856 3953 3461 8603 1447 4571 5628 5997 3214 0 2508 
5701 9861 1626 1807 3889 9879 1903 7618 506 3495 54 3928 3956 5815 0 3860 3483 3087 0 5999 6459 3720 2923 1150 4784 547 1985 1894 865 4684 0 7270 0 3479 5706 982 3215 1296 5873 106 0 4743 3232 3651 73 1712 0 8442 7228 9152 864 1398 6496 6355 486 2733 6598 9719 9045 2310 6159 2116 7139 5838 3142 5316 7719 202 2931 0 3898 2536 6524 6494 1640 2122 9588 7815 6808 8358 4638 7992 2650 9165 5030 3891 9350 7484 4872 5231 5400 4440 9625 8168 2632 3556 7672 9375 0 49 4952 3037 2240 9412 5674 0 5103 2598 9185 4170 933 6428 6848 7664 8414 4845 410 0 6022 1739 4104 5473 6054 0 0 2993 7788 1365 1726 316 500 0 2130 893 9356 3025 9411 7585 0 87 7527 9951 617 5120 6104 7854 4655 1868 2583 0 6308 2800 4709 1550 8701 5912 5834 0 1479 1238 4583 2565 6892 5827 289 0 6596 292 686 3674 8905 2968 2504 2675 3621 8273 2251 1290 6978 4623 0 5150 4109 7456 7564 376 8467 4240 1587 3449 553 4438 7263 1332 0 5060 2490 632 1963 3374 4643 386 9621 2074 5411 3527 227 
